ip=0 [0, 0, 0, 0, 0, 0]                  | seti 123 0 1      | [0, 123, 0, 0, 0, 0]
ip=1 [0, 123, 0, 0, 0, 0]                | bani 1 456 1      | [0, 72, 0, 0, 1, 0]
ip=2 [0, 72, 0, 0, 1, 0]                 | eqri 1 72 1       | [0, 1, 0, 0, 2, 0]
ip=3 [0, 1, 0, 0, 2, 0]                  | addr 1 4 4        | [0, 1, 0, 0, 4, 0]
ip=5 [0, 1, 0, 0, 4, 0]                  | seti 0 6 1        | [0, 0, 0, 0, 5, 0]
ip=6 [0, 0, 0, 0, 5, 0]                  | bori 1 65536 3    | [0, 0, 0, 65536, 6, 0]
ip=7 [0, 0, 0, 65536, 6, 0]              | seti 6780005 8 1  | [0, 6780005, 0, 65536, 7, 0]
ip=8 [0, 6780005, 0, 65536, 7, 0]        | bani 3 255 2      | [0, 6780005, 0, 65536, 8, 0]
ip=9 [0, 6780005, 0, 65536, 8, 0]        | addr 1 2 1        | [0, 6780005, 0, 65536, 9, 0]
ip=10 [0, 6780005, 0, 65536, 9, 0]       | bani 1 16777215 1 | [0, 6780005, 0, 65536, 10, 0]
ip=11 [0, 6780005, 0, 65536, 10, 0]      | muli 1 65899 1    | [0, 446795549495, 0, 65536, 11, 0]
ip=12 [0, 446795549495, 0, 65536, 11, 0] | bani 1 16777215 1 | [0, 1510199, 0, 65536, 12, 0]
ip=13 [0, 1510199, 0, 65536, 12, 0]      | gtir 256 3 2      | [0, 1510199, 0, 65536, 13, 0]
ip=14 [0, 1510199, 0, 65536, 13, 0]      | addr 2 4 4        | [0, 1510199, 0, 65536, 14, 0]
ip=15 [0, 1510199, 0, 65536, 14, 0]      | addi 4 1 4        | [0, 1510199, 0, 65536, 16, 0]
ip=17 [0, 1510199, 0, 65536, 16, 0]      | seti 0 5 2        | [0, 1510199, 0, 65536, 17, 0]
ip=18 [0, 1510199, 0, 65536, 17, 0]      | addi 2 1 5        | [0, 1510199, 0, 65536, 18, 1]
ip=19 [0, 1510199, 0, 65536, 18, 1]      | muli 5 256 5      | [0, 1510199, 0, 65536, 19, 256]
ip=20 [0, 1510199, 0, 65536, 19, 256]    | gtrr 5 3 5        | [0, 1510199, 0, 65536, 20, 0]
ip=21 [0, 1510199, 0, 65536, 20, 0]      | addr 5 4 4        | [0, 1510199, 0, 65536, 21, 0]
ip=22 [0, 1510199, 0, 65536, 21, 0]      | addi 4 1 4        | [0, 1510199, 0, 65536, 23, 0]
ip=24 [0, 1510199, 0, 65536, 23, 0]      | addi 2 1 2        | [0, 1510199, 1, 65536, 24, 0]
ip=25 [0, 1510199, 1, 65536, 24, 0]      | seti 17 7 4       | [0, 1510199, 1, 65536, 17, 0]
ip=18 [0, 1510199, 1, 65536, 17, 0]      | addi 2 1 5        | [0, 1510199, 1, 65536, 18, 2]
ip=19 [0, 1510199, 1, 65536, 18, 2]      | muli 5 256 5      | [0, 1510199, 1, 65536, 19, 512]
ip=20 [0, 1510199, 1, 65536, 19, 512]    | gtrr 5 3 5        | [0, 1510199, 1, 65536, 20, 1]
ip=21 [0, 1510199, 1, 65536, 21, 1]      | addr 5 4 4        | [0, 1510199, 1, 65536, 22, 1]
ip=23 [0, 1510199, 1, 65536, 23, 1]      | seti 25 4 4       | [0, 1510199, 1, 65536, 25, 1]
ip=26 [0, 1510199, 1, 65536, 26, 1]      | setr 2 1 3        | [0, 1510199, 2, 2, 26, 1]
ip=27 [0, 1510199, 2, 2, 27, 1]          | seti 7 3 4        | [0, 1510199, 2, 2, 7, 1]
ip=8  [0, 1510199, 2, 2, 8, 1]           | bani 3 255 2      | [0, 1510199, 2, 2, 8, 1]
ip=9  [0, 1510199, 2, 2, 9, 1]           | addr 1 2 1        | [0, 1510201, 2, 2, 9, 1]
ip=10 [0, 1510201, 2, 2, 10, 1]          | gtrr 5 3 5        | [0, 1510201, 2, 2, 10, 0]
ip=11 [0, 1510201, 2, 2, 11, 0]          | muli 1 65899 1    | [0, 99520735699, 2, 2, 11, 0]
ip=12 [0, 99520735699, 2, 2, 12, 0]      | bani 1 16777215 1 | [0, 15067603, 2, 2, 12, 0]
ip=13 [0, 15067603, 2, 2, 13, 0]         | gtir 256 3 2      | [0, 15067603, 1, 2, 13, 0]
ip=14 [0, 15067603, 1, 2, 14, 0]         | addr 2 4 4        | [0, 15067603, 1, 2, 15, 0]
ip=16 [0, 15067603, 1, 2, 16, 0]         | seti 27 5 4       | [0, 15067603, 1, 2, 27, 0]
ip=28 [0, 15067603, 1, 2, 28, 0]         | eqrr 1 0 2        | [0, 15067603, 1, 2, 27, 0]
